version: 1.01
Lat={0,32.01278195,32.0070924,32.00552869,31.99337303,31.99392201,31.93728901,31.93489808,31.92407635,31.87819824,31.85469491,32.0389669,32.03960381,32.05481895,32.0637743,31.96554137,32.04546115,32.05197849,32.03599906,32.04697368,32.05820509,32.06827289,32.06968665,32.06968932,32.03533515,32.02900351,32.02817467,32.01920692,32.01774007,31.95305593,31.88291214,31.88449986,31.98016309,31.99613858,31.9946342,31.95370887,31.9464673,31.94571128,31.94935889,31.94387697,31.93882553,31.93088523,31.92424846,31.93689363,31.9422064,31.94623671,31.94556507,31.94350202,31.94551965,31.99626077,31.98521135,31.98674929,31.94686246,31.96546839,31.94512124,31.96303213,31.95790476,31.96686119,31.97292536,31.97045177,31.96046522,31.95971668}
Lon={0,35.84162355,35.83536717,35.83339322,35.82968059,35.83018326,35.85050346,35.85301326,35.86038632,35.88145355,35.8910239,35.78836416,35.78791253,35.75292966,35.72102119,35.83171376,35.77485224,35.76370111,35.73827048,35.69942884,35.6990594,35.70798814,35.71042214,35.71596622,35.79146641,35.80692646,35.80396703,35.8640014,35.86590846,35.99295326,35.96530758,35.96617622,36.01529378,36.01876398,35.9923137,35.94645283,35.92598227,35.92231228,35.91437618,35.90658432,35.90479255,35.88434976,35.88747688,35.88695648,35.88953228,35.8865883,35.85940911,35.85827212,35.86023643,35.83645331,35.88213052,35.87802945,35.87183012,35.88773337,35.85380639,35.88285908,35.88687867,35.85527516,35.87327945,35.87696763,35.89685988,35.89861053}
speed={0,80,60,60,70,80,80,80,90,100,100,80,70,80,50,50,60,80,60,80,80,80,80,60,80,70,80,70,60,60,60,60,60,80,80,70,50,50,50,60,60,70,60,70,60,60,60,70,60,60,60,50,60,60,60,60,60,60,60,60,60,60}
direction={0,-1,-1,1,-1,1,-1,-1,1,-1,1,-1,1,-1,-1,-1,-2,-2,-1,-1,1,1,-1,1,1,-2,2,-1,1,1,1,-1,1,-2,-2,2,-2,-2,-1,1,-2,1,-2,-1,1,2,-2,-1,2,2,2,-2,-2,1,2,1,2,-1,-2,-1,-2,2}
num={0,1,2,3,4,5,6,7,8,9,10,11,12,13,14,15,16,17,18,19,20,21,22,23,24,25,26,27,28,29,30,31,32,33,34,35,36,37,38,39,40,41,42,43,44,45,46,47,48,49,50,51,52,53,54,55,56,57,58,59,60,61}